[gd_scene format=3 uid="uid://box5806sw7ljq"]

[ext_resource type="Material" uid="uid://16kb6ih4kwxl" path="res://assets/materials/white_mat.tres" id="1_b85j7"]

[node name="BookShelf" type="CSGBox3D" unique_id=622311071]
material_override = ExtResource("1_b85j7")
use_collision = true
size = Vector3(6, 3, 1)

[node name="BookShelf2" type="CSGBox3D" parent="." unique_id=2125742064]
transform = Transform3D(0.9, 0, 0, 0, 0.9, 0, 0, 0, 0.9, 0, 0, -0.13500023)
operation = 2
size = Vector3(6, 3, 2)

[node name="Shelf" type="CSGBox3D" parent="BookShelf2" unique_id=1830799109]
transform = Transform3D(1, 0, 0, 0, 1, 0, 0, 0, 1, 0, 1.0000002, 0.17222221)
operation = 2
size = Vector3(6, 0.1, 1.16)

[node name="Shelf2" type="CSGBox3D" parent="BookShelf2" unique_id=1143171060]
transform = Transform3D(1.1111112, 0, 0, 0, 1.1111112, 0, 0, 0, 1.1111112, 0, 0.43209887, 0.14999962)
operation = 2
size = Vector3(6, 0.1, 1)

[node name="Shelf3" type="CSGBox3D" parent="BookShelf2" unique_id=1839052605]
transform = Transform3D(1, 0, 0, 0, 1, 0, 0, 0, 1, 0, -0.11111081, 0)
operation = 2
size = Vector3(6, 0.1, 1)

[node name="Shelf4" type="CSGBox3D" parent="BookShelf2" unique_id=464390804]
transform = Transform3D(1.1111112, 0, 0, 0, 1.1111112, 0, 0, 0, 1.1111112, 0, -0.67901224, 0.14999962)
operation = 2
size = Vector3(6, 0.1, 1)

[node name="Shelf5" type="CSGBox3D" parent="BookShelf2" unique_id=1757522726]
transform = Transform3D(-4.8568214e-08, -1.1111112, 0, 1.1111112, -4.8568214e-08, 0, 0, 0, 1.1111112, 0, -0.012345433, 0.14999962)
operation = 2
size = Vector3(3, 0.1, 1)

[node name="Books" type="CSGCombiner3D" parent="." unique_id=1208529693]

[node name="Shelf3" type="CSGCombiner3D" parent="Books" unique_id=1684172678]

[node name="Book" type="CSGBox3D" parent="Books/Shelf3" unique_id=2048342067]
transform = Transform3D(0.9659258, 0.25881904, 0, -0.25881904, 0.9659258, 0, 0, 0, 1, 2.6000001, 0.10000014, -0.3)
size = Vector3(0.05, 0.3, 0.25)

[node name="Book2" type="CSGBox3D" parent="Books/Shelf3" unique_id=762970484]
transform = Transform3D(1.0000001, 0, 0, 0, 1.0000001, 0, 0, 0, 1, 2.5000002, 0.10000014, -0.3)
size = Vector3(0.05, 0.3, 0.25)

[node name="Book3" type="CSGBox3D" parent="Books/Shelf3" unique_id=104095445]
transform = Transform3D(0.96592593, 0, -0.25881904, 0, 1.0000001, 0, 0.25881907, 0, 0.9659258, 2.4000003, 0.10000014, -0.3)
size = Vector3(0.05, 0.3, 0.25)

[node name="Book4" type="CSGBox3D" parent="Books/Shelf3" unique_id=539464442]
transform = Transform3D(0.9659258, 0.25881904, 0, -0.25881904, 0.9659258, 0, 0, 0, 1, 1.7, 0.10000014, -0.3)
size = Vector3(0.05, 0.3, 0.25)

[node name="Book5" type="CSGBox3D" parent="Books/Shelf3" unique_id=1722651806]
transform = Transform3D(1.0000001, 0, 0, 0, 1.0000001, 0, 0, 0, 1, 1.9000002, 0.10000014, -0.3)
size = Vector3(0.05, 0.3, 0.25)

[node name="Book6" type="CSGBox3D" parent="Books/Shelf3" unique_id=513260307]
transform = Transform3D(0.96592593, 0, -0.25881904, 0, 1.0000001, 0, 0.25881907, 0, 0.9659258, 1.8000003, 0.10000014, -0.3)
size = Vector3(0.05, 0.3, 0.25)

[node name="Book7" type="CSGBox3D" parent="Books/Shelf3" unique_id=841921356]
transform = Transform3D(1.0000001, 0, 0, 0, 1.0000001, 0, 0, 0, 0.99999994, 2.3630257, 0.10000014, -0.3)
size = Vector3(0.05, 0.3, 0.25)

[node name="Book8" type="CSGBox3D" parent="Books/Shelf3" unique_id=2042304538]
transform = Transform3D(1.0000001, 0, 0, 0, 1.0000001, 0, 0, 0, 0.99999994, 2.2897134, 0.10000014, -0.3)
size = Vector3(0.05, 0.3, 0.25)

[node name="Book9" type="CSGBox3D" parent="Books/Shelf3" unique_id=1412848477]
transform = Transform3D(1.0000001, 0, 0, 0, 1.0000001, 0, 0, 0, 0.99999994, 2.2195249, 0.10000014, -0.3)
size = Vector3(0.05, 0.3, 0.25)

[node name="Book10" type="CSGBox3D" parent="Books/Shelf3" unique_id=526589395]
transform = Transform3D(1.0000001, 0, 0, 0, 1.0000001, 0, 0, 0, 0.99999994, 2.1462126, 0.10000014, -0.3)
size = Vector3(0.05, 0.3, 0.25)

[node name="Book11" type="CSGBox3D" parent="Books/Shelf3" unique_id=779495469]
transform = Transform3D(1.0000001, 0, 0, 0, 1.0000001, 0, 0, 0, 0.99999994, 2.075207, 0.10000014, -0.3)
size = Vector3(0.05, 0.3, 0.25)

[node name="Book12" type="CSGBox3D" parent="Books/Shelf3" unique_id=803116038]
transform = Transform3D(1.0000001, 0, 0, 0, 1.0000001, 0, 0, 0, 0.99999994, 2.0018947, 0.10000014, -0.3)
size = Vector3(0.05, 0.3, 0.25)

[node name="Book13" type="CSGBox3D" parent="Books/Shelf3" unique_id=474181827]
transform = Transform3D(0.9659258, 0.25881904, 0, -0.25881904, 0.9659258, 0, 0, 0, 1, 1.1000001, 0.10000014, -0.3)
size = Vector3(0.05, 0.3, 0.25)

[node name="Book14" type="CSGBox3D" parent="Books/Shelf3" unique_id=1433083643]
transform = Transform3D(1.0000001, 0, 0, 0, 1.0000001, 0, 0, 0, 1, 1.0000002, 0.10000014, -0.3)
size = Vector3(0.05, 0.3, 0.25)

[node name="Book15" type="CSGBox3D" parent="Books/Shelf3" unique_id=811563335]
transform = Transform3D(0.96592593, 0, -0.25881904, 0, 1.0000001, 0, 0.25881907, 0, 0.9659258, 0.90000033, 0.10000014, -0.3)
size = Vector3(0.05, 0.3, 0.25)

[node name="Book16" type="CSGBox3D" parent="Books/Shelf3" unique_id=895625019]
transform = Transform3D(0.9659258, 0.25881904, 0, -0.25881904, 0.9659258, 0, 0, 0, 1, 0.20000005, 0.10000014, -0.3)
size = Vector3(0.05, 0.3, 0.25)

[node name="Book17" type="CSGBox3D" parent="Books/Shelf3" unique_id=189370589]
transform = Transform3D(1.0000001, 0, 0, 0, 1.0000001, 0, 0, 0, 1, 0.4000002, 0.10000014, -0.3)
size = Vector3(0.05, 0.3, 0.25)

[node name="Book18" type="CSGBox3D" parent="Books/Shelf3" unique_id=481678512]
transform = Transform3D(0.96592593, 0, -0.25881904, 0, 1.0000001, 0, 0.25881907, 0, 0.9659258, 0.3000003, 0.10000014, -0.3)
size = Vector3(0.05, 0.3, 0.25)

[node name="Book19" type="CSGBox3D" parent="Books/Shelf3" unique_id=1667694029]
transform = Transform3D(1.0000001, 0, 0, 0, 1.0000001, 0, 0, 0, 0.99999994, 0.86302567, 0.10000014, -0.3)
size = Vector3(0.05, 0.3, 0.25)

[node name="Book20" type="CSGBox3D" parent="Books/Shelf3" unique_id=1547595588]
transform = Transform3D(1.0000001, 0, 0, 0, 1.0000001, 0, 0, 0, 0.99999994, 0.7897134, 0.10000014, -0.3)
size = Vector3(0.05, 0.3, 0.25)

[node name="Book21" type="CSGBox3D" parent="Books/Shelf3" unique_id=1661175110]
transform = Transform3D(1.0000001, 0, 0, 0, 1.0000001, 0, 0, 0, 0.99999994, 0.71952486, 0.10000014, -0.3)
size = Vector3(0.05, 0.3, 0.25)

[node name="Book22" type="CSGBox3D" parent="Books/Shelf3" unique_id=358416762]
transform = Transform3D(1.0000001, 0, 0, 0, 1.0000001, 0, 0, 0, 0.99999994, 0.6462126, 0.10000014, -0.3)
size = Vector3(0.05, 0.3, 0.25)

[node name="Book23" type="CSGBox3D" parent="Books/Shelf3" unique_id=1187897606]
transform = Transform3D(1.0000001, 0, 0, 0, 1.0000001, 0, 0, 0, 0.99999994, 0.575207, 0.10000014, -0.3)
size = Vector3(0.05, 0.3, 0.25)

[node name="Book24" type="CSGBox3D" parent="Books/Shelf3" unique_id=819672761]
transform = Transform3D(1.0000001, 0, 0, 0, 1.0000001, 0, 0, 0, 0.99999994, 0.5018947, 0.10000014, -0.3)
size = Vector3(0.05, 0.3, 0.25)

[node name="Book25" type="CSGBox3D" parent="Books/Shelf3" unique_id=83298686]
transform = Transform3D(0.9659258, 0.25881904, 0, -0.25881904, 0.9659258, 0, 0, 0, 1, 1.1701617, 0.10000014, -0.3)
size = Vector3(0.05, 0.3, 0.25)

[node name="Book26" type="CSGBox3D" parent="Books/Shelf3" unique_id=699720522]
transform = Transform3D(0.9659258, 0.25881904, 0, -0.25881904, 0.9659258, 0, 0, 0, 1, 1.561485, 0.10000014, -0.3)
size = Vector3(0.05, 0.3, 0.25)

[node name="Book27" type="CSGBox3D" parent="Books/Shelf3" unique_id=992759376]
transform = Transform3D(0.9659258, 0.25881904, 0, -0.25881904, 0.9659258, 0, 0, 0, 1, 1.6316466, 0.10000014, -0.3)
size = Vector3(0.05, 0.3, 0.25)

[node name="Book28" type="CSGBox3D" parent="Books/Shelf3" unique_id=1766614478]
transform = Transform3D(0.9659258, 0.25881904, 0, -0.25881904, 0.9659258, 0, 0, 0, 1, 1.322898, 0.10000014, -0.3)
size = Vector3(0.05, 0.3, 0.25)

[node name="Book30" type="CSGBox3D" parent="Books/Shelf3" unique_id=1325993698]
transform = Transform3D(0.965926, 0, -0.25881904, 0, 1.0000001, 0, 0.25881907, 0, 0.9659258, 1.3666669, 0.10000014, -0.3)
size = Vector3(0.05, 0.3, 0.25)

[node name="Shelf5" type="CSGCombiner3D" parent="Books" unique_id=309854191]
transform = Transform3D(-1, 0, -8.742278e-08, 0, 1, 0, 8.742278e-08, 0, -1, 2.7, 1, -0.7)

[node name="Book" type="CSGBox3D" parent="Books/Shelf5" unique_id=1257892601]
transform = Transform3D(0.9659258, 0.25881904, 0, -0.25881904, 0.9659258, 0, 0, 0, 1, 2.6000001, 0.10000014, -0.3)
size = Vector3(0.05, 0.3, 0.25)

[node name="Book2" type="CSGBox3D" parent="Books/Shelf5" unique_id=1549371185]
transform = Transform3D(1.0000001, 0, 0, 0, 1.0000001, 0, 0, 0, 1, 2.5000002, 0.10000014, -0.3)
size = Vector3(0.05, 0.3, 0.25)

[node name="Book3" type="CSGBox3D" parent="Books/Shelf5" unique_id=1076394213]
transform = Transform3D(0.96592593, 0, -0.25881904, 0, 1.0000001, 0, 0.25881907, 0, 0.9659258, 2.4000003, 0.10000014, -0.3)
size = Vector3(0.05, 0.3, 0.25)

[node name="Book4" type="CSGBox3D" parent="Books/Shelf5" unique_id=1096792427]
transform = Transform3D(0.9659258, 0.25881904, 0, -0.25881904, 0.9659258, 0, 0, 0, 1, 1.7, 0.10000014, -0.3)
size = Vector3(0.05, 0.3, 0.25)

[node name="Book5" type="CSGBox3D" parent="Books/Shelf5" unique_id=1243508129]
transform = Transform3D(1.0000001, 0, 0, 0, 1.0000001, 0, 0, 0, 1, 1.9000002, 0.10000014, -0.3)
size = Vector3(0.05, 0.3, 0.25)

[node name="Book6" type="CSGBox3D" parent="Books/Shelf5" unique_id=873948866]
transform = Transform3D(0.96592593, 0, -0.25881904, 0, 1.0000001, 0, 0.25881907, 0, 0.9659258, 1.8000003, 0.10000014, -0.3)
size = Vector3(0.05, 0.3, 0.25)

[node name="Book7" type="CSGBox3D" parent="Books/Shelf5" unique_id=194421308]
transform = Transform3D(1.0000001, 0, 0, 0, 1.0000001, 0, 0, 0, 0.99999994, 2.3630257, 0.10000014, -0.3)
size = Vector3(0.05, 0.3, 0.25)

[node name="Book8" type="CSGBox3D" parent="Books/Shelf5" unique_id=1020518211]
transform = Transform3D(1.0000001, 0, 0, 0, 1.0000001, 0, 0, 0, 0.99999994, 2.2897134, 0.10000014, -0.3)
size = Vector3(0.05, 0.3, 0.25)

[node name="Book9" type="CSGBox3D" parent="Books/Shelf5" unique_id=1329400426]
transform = Transform3D(1.0000001, 0, 0, 0, 1.0000001, 0, 0, 0, 0.99999994, 2.2195249, 0.10000014, -0.3)
size = Vector3(0.05, 0.3, 0.25)

[node name="Book10" type="CSGBox3D" parent="Books/Shelf5" unique_id=828189070]
transform = Transform3D(1.0000001, 0, 0, 0, 1.0000001, 0, 0, 0, 0.99999994, 2.1462126, 0.10000014, -0.3)
size = Vector3(0.05, 0.3, 0.25)

[node name="Book11" type="CSGBox3D" parent="Books/Shelf5" unique_id=499104001]
transform = Transform3D(1.0000001, 0, 0, 0, 1.0000001, 0, 0, 0, 0.99999994, 2.075207, 0.10000014, -0.3)
size = Vector3(0.05, 0.3, 0.25)

[node name="Book12" type="CSGBox3D" parent="Books/Shelf5" unique_id=1412183926]
transform = Transform3D(1.0000001, 0, 0, 0, 1.0000001, 0, 0, 0, 0.99999994, 2.0018947, 0.10000014, -0.3)
size = Vector3(0.05, 0.3, 0.25)

[node name="Book13" type="CSGBox3D" parent="Books/Shelf5" unique_id=1751484570]
transform = Transform3D(0.9659258, 0.25881904, 0, -0.25881904, 0.9659258, 0, 0, 0, 1, 1.1000001, 0.10000014, -0.3)
size = Vector3(0.05, 0.3, 0.25)

[node name="Book14" type="CSGBox3D" parent="Books/Shelf5" unique_id=1123744837]
transform = Transform3D(1.0000001, 0, 0, 0, 1.0000001, 0, 0, 0, 1, 1.0000002, 0.10000014, -0.3)
size = Vector3(0.05, 0.3, 0.25)

[node name="Book15" type="CSGBox3D" parent="Books/Shelf5" unique_id=2072350057]
transform = Transform3D(0.96592593, 0, -0.25881904, 0, 1.0000001, 0, 0.25881907, 0, 0.9659258, 0.90000033, 0.10000014, -0.3)
size = Vector3(0.05, 0.3, 0.25)

[node name="Book16" type="CSGBox3D" parent="Books/Shelf5" unique_id=2045007708]
transform = Transform3D(0.9659258, 0.25881904, 0, -0.25881904, 0.9659258, 0, 0, 0, 1, 0.20000005, 0.10000014, -0.3)
size = Vector3(0.05, 0.3, 0.25)

[node name="Book17" type="CSGBox3D" parent="Books/Shelf5" unique_id=738121952]
transform = Transform3D(1.0000001, 0, 0, 0, 1.0000001, 0, 0, 0, 1, 0.4000002, 0.10000014, -0.3)
size = Vector3(0.05, 0.3, 0.25)

[node name="Book18" type="CSGBox3D" parent="Books/Shelf5" unique_id=885034941]
transform = Transform3D(0.96592593, 0, -0.25881904, 0, 1.0000001, 0, 0.25881907, 0, 0.9659258, 0.3000003, 0.10000014, -0.3)
size = Vector3(0.05, 0.3, 0.25)

[node name="Book19" type="CSGBox3D" parent="Books/Shelf5" unique_id=1807877240]
transform = Transform3D(1.0000001, 0, 0, 0, 1.0000001, 0, 0, 0, 0.99999994, 0.86302567, 0.10000014, -0.3)
size = Vector3(0.05, 0.3, 0.25)

[node name="Book20" type="CSGBox3D" parent="Books/Shelf5" unique_id=669139246]
transform = Transform3D(1.0000001, 0, 0, 0, 1.0000001, 0, 0, 0, 0.99999994, 0.7897134, 0.10000014, -0.3)
size = Vector3(0.05, 0.3, 0.25)

[node name="Book21" type="CSGBox3D" parent="Books/Shelf5" unique_id=805265533]
transform = Transform3D(1.0000001, 0, 0, 0, 1.0000001, 0, 0, 0, 0.99999994, 0.71952486, 0.10000014, -0.3)
size = Vector3(0.05, 0.3, 0.25)

[node name="Book22" type="CSGBox3D" parent="Books/Shelf5" unique_id=247559932]
transform = Transform3D(1.0000001, 0, 0, 0, 1.0000001, 0, 0, 0, 0.99999994, 0.6462126, 0.10000014, -0.3)
size = Vector3(0.05, 0.3, 0.25)

[node name="Book23" type="CSGBox3D" parent="Books/Shelf5" unique_id=1509207689]
transform = Transform3D(1.0000001, 0, 0, 0, 1.0000001, 0, 0, 0, 0.99999994, 0.575207, 0.10000014, -0.3)
size = Vector3(0.05, 0.3, 0.25)

[node name="Book24" type="CSGBox3D" parent="Books/Shelf5" unique_id=1611183683]
transform = Transform3D(1.0000001, 0, 0, 0, 1.0000001, 0, 0, 0, 0.99999994, 0.5018947, 0.10000014, -0.3)
size = Vector3(0.05, 0.3, 0.25)

[node name="Book25" type="CSGBox3D" parent="Books/Shelf5" unique_id=235068913]
transform = Transform3D(0.9659258, 0.25881904, 0, -0.25881904, 0.9659258, 0, 0, 0, 1, 1.1701617, 0.10000014, -0.3)
size = Vector3(0.05, 0.3, 0.25)

[node name="Book26" type="CSGBox3D" parent="Books/Shelf5" unique_id=1229924065]
transform = Transform3D(0.9659258, 0.25881904, 0, -0.25881904, 0.9659258, 0, 0, 0, 1, 1.561485, 0.10000014, -0.3)
size = Vector3(0.05, 0.3, 0.25)

[node name="Book27" type="CSGBox3D" parent="Books/Shelf5" unique_id=1654740876]
transform = Transform3D(0.9659258, 0.25881904, 0, -0.25881904, 0.9659258, 0, 0, 0, 1, 1.6316466, 0.10000014, -0.3)
size = Vector3(0.05, 0.3, 0.25)

[node name="Book28" type="CSGBox3D" parent="Books/Shelf5" unique_id=766683117]
transform = Transform3D(0.9659258, 0.25881904, 0, -0.25881904, 0.9659258, 0, 0, 0, 1, 1.3342445, 0.10000014, -0.3)
size = Vector3(0.05, 0.3, 0.25)

[node name="Book29" type="CSGBox3D" parent="Books/Shelf5" unique_id=547676489]
transform = Transform3D(0.9659258, 0.25881904, 0, -0.25881904, 0.9659258, 0, 0, 0, 1, 1.2472368, 0.10000014, -0.3)
size = Vector3(0.05, 0.3, 0.25)

[node name="Book30" type="CSGBox3D" parent="Books/Shelf5" unique_id=1340895375]
transform = Transform3D(0.965926, 0, -0.25881904, 0, 1.0000001, 0, 0.25881907, 0, 0.9659258, 1.4666669, 0.10000014, -0.3)
size = Vector3(0.05, 0.3, 0.25)

[node name="Shelf6" type="CSGCombiner3D" parent="Books" unique_id=1845698025]
transform = Transform3D(-1, 0, -8.742278e-08, 0, 1, 0, 8.742278e-08, 0, -1, 2.7, 0.5, -0.7)

[node name="Book" type="CSGBox3D" parent="Books/Shelf6" unique_id=1833498146]
transform = Transform3D(0.9659258, 0.25881904, 0, -0.25881904, 0.9659258, 0, 0, 0, 1, 2.6000001, 0.10000014, -0.3)
size = Vector3(0.05, 0.3, 0.25)

[node name="Book2" type="CSGBox3D" parent="Books/Shelf6" unique_id=1924097353]
transform = Transform3D(1.0000001, 0, 0, 0, 1.0000001, 0, 0, 0, 1, 2.5000002, 0.10000014, -0.3)
size = Vector3(0.05, 0.3, 0.25)

[node name="Book3" type="CSGBox3D" parent="Books/Shelf6" unique_id=1885783597]
transform = Transform3D(0.96592593, 0, -0.25881904, 0, 1.0000001, 0, 0.25881907, 0, 0.9659258, 2.4000003, 0.10000014, -0.3)
size = Vector3(0.05, 0.3, 0.25)

[node name="Book4" type="CSGBox3D" parent="Books/Shelf6" unique_id=43985096]
transform = Transform3D(0.9659258, 0.25881904, 0, -0.25881904, 0.9659258, 0, 0, 0, 1, 1.7, 0.10000014, -0.3)
size = Vector3(0.05, 0.3, 0.25)

[node name="Book5" type="CSGBox3D" parent="Books/Shelf6" unique_id=525483444]
transform = Transform3D(1.0000001, 0, 0, 0, 1.0000001, 0, 0, 0, 1, 1.9000002, 0.10000014, -0.3)
size = Vector3(0.05, 0.3, 0.25)

[node name="Book6" type="CSGBox3D" parent="Books/Shelf6" unique_id=784797137]
transform = Transform3D(0.96592593, 0, -0.25881904, 0, 1.0000001, 0, 0.25881907, 0, 0.9659258, 1.8000003, 0.10000014, -0.3)
size = Vector3(0.05, 0.3, 0.25)

[node name="Book7" type="CSGBox3D" parent="Books/Shelf6" unique_id=418935061]
transform = Transform3D(1.0000001, 0, 0, 0, 1.0000001, 0, 0, 0, 0.99999994, 2.3630257, 0.10000014, -0.3)
size = Vector3(0.05, 0.3, 0.25)

[node name="Book8" type="CSGBox3D" parent="Books/Shelf6" unique_id=459391637]
transform = Transform3D(1.0000001, 0, 0, 0, 1.0000001, 0, 0, 0, 0.99999994, 2.2897134, 0.10000014, -0.3)
size = Vector3(0.05, 0.3, 0.25)

[node name="Book9" type="CSGBox3D" parent="Books/Shelf6" unique_id=1252823238]
transform = Transform3D(1.0000001, 0, 0, 0, 1.0000001, 0, 0, 0, 0.99999994, 2.2195249, 0.10000014, -0.3)
size = Vector3(0.05, 0.3, 0.25)

[node name="Book10" type="CSGBox3D" parent="Books/Shelf6" unique_id=80466616]
transform = Transform3D(1.0000001, 0, 0, 0, 1.0000001, 0, 0, 0, 0.99999994, 2.1462126, 0.10000014, -0.3)
size = Vector3(0.05, 0.3, 0.25)

[node name="Book11" type="CSGBox3D" parent="Books/Shelf6" unique_id=1612213233]
transform = Transform3D(1.0000001, 0, 0, 0, 1.0000001, 0, 0, 0, 0.99999994, 2.075207, 0.10000014, -0.3)
size = Vector3(0.05, 0.3, 0.25)

[node name="Book12" type="CSGBox3D" parent="Books/Shelf6" unique_id=1188840433]
transform = Transform3D(1.0000001, 0, 0, 0, 1.0000001, 0, 0, 0, 0.99999994, 2.0018947, 0.10000014, -0.3)
size = Vector3(0.05, 0.3, 0.25)

[node name="Book13" type="CSGBox3D" parent="Books/Shelf6" unique_id=646621383]
transform = Transform3D(0.9659258, 0.25881904, 0, -0.25881904, 0.9659258, 0, 0, 0, 1, 1.0647542, 0.10000014, -0.3)
size = Vector3(0.05, 0.3, 0.25)

[node name="Book14" type="CSGBox3D" parent="Books/Shelf6" unique_id=1834775259]
transform = Transform3D(1.0000001, 0, 0, 0, 1.0000001, 0, 0, 0, 1, 0.955793, 0.10000014, -0.3)
size = Vector3(0.05, 0.3, 0.25)

[node name="Book15" type="CSGBox3D" parent="Books/Shelf6" unique_id=2059810866]
transform = Transform3D(0.96592593, 0, -0.25881904, 0, 1.0000001, 0, 0.25881907, 0, 0.9659258, 0.90000033, 0.10000014, -0.3)
size = Vector3(0.05, 0.3, 0.25)

[node name="Book16" type="CSGBox3D" parent="Books/Shelf6" unique_id=512635303]
transform = Transform3D(0.9659258, 0.25881904, 0, -0.25881904, 0.9659258, 0, 0, 0, 1, 0.20000005, 0.10000014, -0.3)
size = Vector3(0.05, 0.3, 0.25)

[node name="Book17" type="CSGBox3D" parent="Books/Shelf6" unique_id=494007662]
transform = Transform3D(1.0000001, 0, 0, 0, 1.0000001, 0, 0, 0, 1, 0.4000002, 0.10000014, -0.3)
size = Vector3(0.05, 0.3, 0.25)

[node name="Book18" type="CSGBox3D" parent="Books/Shelf6" unique_id=238805625]
transform = Transform3D(0.96592593, 0, -0.25881904, 0, 1.0000001, 0, 0.25881907, 0, 0.9659258, 0.3000003, 0.10000014, -0.3)
size = Vector3(0.05, 0.3, 0.25)

[node name="Book19" type="CSGBox3D" parent="Books/Shelf6" unique_id=408477925]
transform = Transform3D(1.0000001, 0, 0, 0, 1.0000001, 0, 0, 0, 0.99999994, 0.86302567, 0.10000014, -0.3)
size = Vector3(0.05, 0.3, 0.25)

[node name="Book20" type="CSGBox3D" parent="Books/Shelf6" unique_id=1402251725]
transform = Transform3D(1.0000001, 0, 0, 0, 1.0000001, 0, 0, 0, 0.99999994, 0.7897134, 0.10000014, -0.3)
size = Vector3(0.05, 0.3, 0.25)

[node name="Book21" type="CSGBox3D" parent="Books/Shelf6" unique_id=562886943]
transform = Transform3D(1.0000001, 0, 0, 0, 1.0000001, 0, 0, 0, 0.99999994, 0.71952486, 0.10000014, -0.3)
size = Vector3(0.05, 0.3, 0.25)

[node name="Book22" type="CSGBox3D" parent="Books/Shelf6" unique_id=484912183]
transform = Transform3D(1.0000001, 0, 0, 0, 1.0000001, 0, 0, 0, 0.99999994, 0.6462126, 0.10000014, -0.3)
size = Vector3(0.05, 0.3, 0.25)

[node name="Book23" type="CSGBox3D" parent="Books/Shelf6" unique_id=294283365]
transform = Transform3D(1.0000001, 0, 0, 0, 1.0000001, 0, 0, 0, 0.99999994, 0.575207, 0.10000014, -0.3)
size = Vector3(0.05, 0.3, 0.25)

[node name="Book24" type="CSGBox3D" parent="Books/Shelf6" unique_id=799157153]
transform = Transform3D(1.0000001, 0, 0, 0, 1.0000001, 0, 0, 0, 0.99999994, 0.5018947, 0.10000014, -0.3)
size = Vector3(0.05, 0.3, 0.25)

[node name="Book25" type="CSGBox3D" parent="Books/Shelf6" unique_id=2039803170]
transform = Transform3D(0.9659258, 0.25881904, 0, -0.25881904, 0.9659258, 0, 0, 0, 1, 1.1512673, 0.10000014, -0.3)
size = Vector3(0.05, 0.3, 0.25)

[node name="Book26" type="CSGBox3D" parent="Books/Shelf6" unique_id=1369737507]
transform = Transform3D(0.9659258, 0.25881904, 0, -0.25881904, 0.9659258, 0, 0, 0, 1, 1.561485, 0.10000014, -0.3)
size = Vector3(0.05, 0.3, 0.25)

[node name="Book27" type="CSGBox3D" parent="Books/Shelf6" unique_id=1574098073]
transform = Transform3D(0.9659258, 0.25881904, 0, -0.25881904, 0.9659258, 0, 0, 0, 1, 1.6316466, 0.10000014, -0.3)
size = Vector3(0.05, 0.3, 0.25)

[node name="Book28" type="CSGBox3D" parent="Books/Shelf6" unique_id=437154425]
transform = Transform3D(-4.3711385e-08, -0.99999994, 0, 0.99999994, -4.3711385e-08, 0, 0, 0, 1, 1.3342445, -0.027365208, -0.3)
size = Vector3(0.05, 0.3, 0.25)

[node name="Book29" type="CSGBox3D" parent="Books/Shelf6" unique_id=1248973916]
transform = Transform3D(-4.3711385e-08, -0.99999994, 0, 0.99999994, -4.3711385e-08, 0, 0, 0, 1, 1.3472369, 0.030726433, -0.3)
size = Vector3(0.05, 0.3, 0.25)

[node name="Book30" type="CSGBox3D" parent="Books/Shelf6" unique_id=200584498]
transform = Transform3D(-4.2221963e-08, -0.96592593, -0.258819, 1.0000001, -4.3711392e-08, 0, -1.1313341e-08, -0.25881907, 0.96592575, 1.3666675, 0.087715864, -0.3)
size = Vector3(0.05, 0.3, 0.25)

[node name="Shelf4" type="CSGCombiner3D" parent="Books" unique_id=1123565347]
transform = Transform3D(0.99827075, 0, 0.058783688, 0, 1, 0, -0.058783688, 0, 0.99827075, -2.744541, 0.5, 0.2)

[node name="Book" type="CSGBox3D" parent="Books/Shelf4" unique_id=1243686919]
transform = Transform3D(0.9659258, 0.25881904, 0, -0.25881904, 0.9659258, 0, 0, 0, 1, 2.6000001, 0.10000014, -0.3)
size = Vector3(0.05, 0.3, 0.25)

[node name="Book2" type="CSGBox3D" parent="Books/Shelf4" unique_id=1967981053]
transform = Transform3D(1.0000001, 0, 0, 0, 1.0000001, 0, 0, 0, 1, 2.5000002, 0.10000014, -0.3)
size = Vector3(0.05, 0.3, 0.25)

[node name="Book3" type="CSGBox3D" parent="Books/Shelf4" unique_id=1745374191]
transform = Transform3D(0.96592593, 0, -0.25881904, 0, 1.0000001, 0, 0.25881907, 0, 0.9659258, 2.4000003, 0.10000014, -0.3)
size = Vector3(0.05, 0.3, 0.25)

[node name="Book4" type="CSGBox3D" parent="Books/Shelf4" unique_id=2037276328]
transform = Transform3D(0.9659258, 0.25881904, 0, -0.25881904, 0.9659258, 0, 0, 0, 1, 1.7, 0.10000014, -0.3)
size = Vector3(0.05, 0.3, 0.25)

[node name="Book5" type="CSGBox3D" parent="Books/Shelf4" unique_id=1090606806]
transform = Transform3D(1.0000001, 0, 0, 0, 1.0000001, 0, 0, 0, 1, 1.9000002, 0.10000014, -0.3)
size = Vector3(0.05, 0.3, 0.25)

[node name="Book6" type="CSGBox3D" parent="Books/Shelf4" unique_id=1338649318]
transform = Transform3D(0.96592593, 0, -0.25881904, 0, 1.0000001, 0, 0.25881907, 0, 0.9659258, 1.8000003, 0.10000014, -0.3)
size = Vector3(0.05, 0.3, 0.25)

[node name="Book7" type="CSGBox3D" parent="Books/Shelf4" unique_id=1417578672]
transform = Transform3D(1.0000001, 0, 0, 0, 1.0000001, 0, 0, 0, 0.99999994, 2.3630257, 0.10000014, -0.3)
size = Vector3(0.05, 0.3, 0.25)

[node name="Book8" type="CSGBox3D" parent="Books/Shelf4" unique_id=548454430]
transform = Transform3D(1.0000001, 0, 0, 0, 1.0000001, 0, 0, 0, 0.99999994, 2.2897134, 0.10000014, -0.3)
size = Vector3(0.05, 0.3, 0.25)

[node name="Book9" type="CSGBox3D" parent="Books/Shelf4" unique_id=1437098195]
transform = Transform3D(1.0000001, 0, 0, 0, 1.0000001, 0, 0, 0, 0.99999994, 2.2195249, 0.10000014, -0.3)
size = Vector3(0.05, 0.3, 0.25)

[node name="Book10" type="CSGBox3D" parent="Books/Shelf4" unique_id=411158200]
transform = Transform3D(1.0000001, 0, 0, 0, 1.0000001, 0, 0, 0, 0.99999994, 2.1462126, 0.10000014, -0.3)
size = Vector3(0.05, 0.3, 0.25)

[node name="Book11" type="CSGBox3D" parent="Books/Shelf4" unique_id=1599220194]
transform = Transform3D(1.0000001, 0, 0, 0, 1.0000001, 0, 0, 0, 0.99999994, 2.075207, 0.10000014, -0.3)
size = Vector3(0.05, 0.3, 0.25)

[node name="Book12" type="CSGBox3D" parent="Books/Shelf4" unique_id=598522434]
transform = Transform3D(1.0000001, 0, 0, 0, 1.0000001, 0, 0, 0, 0.99999994, 2.0018947, 0.10000014, -0.3)
size = Vector3(0.05, 0.3, 0.25)

[node name="Book13" type="CSGBox3D" parent="Books/Shelf4" unique_id=1634701743]
transform = Transform3D(0.9659258, 0.25881904, 0, -0.25881904, 0.9659258, 0, 0, 0, 1, 1.1000001, 0.10000014, -0.3)
size = Vector3(0.05, 0.3, 0.25)

[node name="Book14" type="CSGBox3D" parent="Books/Shelf4" unique_id=557365431]
transform = Transform3D(1.0000001, 0, 0, 0, 1.0000001, 0, 0, 0, 1, 1.0000002, 0.10000014, -0.3)
size = Vector3(0.05, 0.3, 0.25)

[node name="Book15" type="CSGBox3D" parent="Books/Shelf4" unique_id=1599016499]
transform = Transform3D(0.96592593, 0, -0.25881904, 0, 1.0000001, 0, 0.25881907, 0, 0.9659258, 0.90000033, 0.10000014, -0.3)
size = Vector3(0.05, 0.3, 0.25)

[node name="Book16" type="CSGBox3D" parent="Books/Shelf4" unique_id=1111806773]
transform = Transform3D(0.9659258, 0.25881904, 0, -0.25881904, 0.9659258, 0, 0, 0, 1, 0.20000005, 0.10000014, -0.3)
size = Vector3(0.05, 0.3, 0.25)

[node name="Book17" type="CSGBox3D" parent="Books/Shelf4" unique_id=856553289]
transform = Transform3D(1.0000001, 0, 0, 0, 1.0000001, 0, 0, 0, 1, 0.4000002, 0.10000014, -0.3)
size = Vector3(0.05, 0.3, 0.25)

[node name="Book18" type="CSGBox3D" parent="Books/Shelf4" unique_id=1345109304]
transform = Transform3D(0.96592593, 0, -0.25881904, 0, 1.0000001, 0, 0.25881907, 0, 0.9659258, 0.3000003, 0.10000014, -0.3)
size = Vector3(0.05, 0.3, 0.25)

[node name="Book19" type="CSGBox3D" parent="Books/Shelf4" unique_id=1182697172]
transform = Transform3D(1.0000001, 0, 0, 0, 1.0000001, 0, 0, 0, 0.99999994, 0.86302567, 0.10000014, -0.3)
size = Vector3(0.05, 0.3, 0.25)

[node name="Book20" type="CSGBox3D" parent="Books/Shelf4" unique_id=1375028290]
transform = Transform3D(1.0000001, 0, 0, 0, 1.0000001, 0, 0, 0, 0.99999994, 0.7897134, 0.10000014, -0.3)
size = Vector3(0.05, 0.3, 0.25)

[node name="Book21" type="CSGBox3D" parent="Books/Shelf4" unique_id=1601862620]
transform = Transform3D(1.0000001, 0, 0, 0, 1.0000001, 0, 0, 0, 0.99999994, 0.71952486, 0.10000014, -0.3)
size = Vector3(0.05, 0.3, 0.25)

[node name="Book22" type="CSGBox3D" parent="Books/Shelf4" unique_id=910790957]
transform = Transform3D(1.0000001, 0, 0, 0, 1.0000001, 0, 0, 0, 0.99999994, 0.6462126, 0.10000014, -0.3)
size = Vector3(0.05, 0.3, 0.25)

[node name="Book23" type="CSGBox3D" parent="Books/Shelf4" unique_id=1569960627]
transform = Transform3D(1.0000001, 0, 0, 0, 1.0000001, 0, 0, 0, 0.99999994, 0.575207, 0.10000014, -0.3)
size = Vector3(0.05, 0.3, 0.25)

[node name="Book24" type="CSGBox3D" parent="Books/Shelf4" unique_id=386089212]
transform = Transform3D(1.0000001, 0, 0, 0, 1.0000001, 0, 0, 0, 0.99999994, 0.5018947, 0.10000014, -0.3)
size = Vector3(0.05, 0.3, 0.25)

[node name="Book25" type="CSGBox3D" parent="Books/Shelf4" unique_id=1602410449]
transform = Transform3D(0.9659258, 0.25881904, 0, -0.25881904, 0.9659258, 0, 0, 0, 1, 1.1701617, 0.10000014, -0.3)
size = Vector3(0.05, 0.3, 0.25)

[node name="Book26" type="CSGBox3D" parent="Books/Shelf4" unique_id=263440502]
transform = Transform3D(0.9659258, 0.25881904, 0, -0.25881904, 0.9659258, 0, 0, 0, 1, 1.561485, 0.10000014, -0.3)
size = Vector3(0.05, 0.3, 0.25)

[node name="Book27" type="CSGBox3D" parent="Books/Shelf4" unique_id=791413652]
transform = Transform3D(0.9659258, 0.25881904, 0, -0.25881904, 0.9659258, 0, 0, 0, 1, 1.6316466, 0.10000014, -0.3)
size = Vector3(0.05, 0.3, 0.25)

[node name="Book28" type="CSGBox3D" parent="Books/Shelf4" unique_id=2016390885]
transform = Transform3D(0.9659258, 0.25881904, 0, -0.25881904, 0.9659258, 0, 0, 0, 1, 1.322898, 0.10000014, -0.3)
size = Vector3(0.05, 0.3, 0.25)

[node name="Book30" type="CSGBox3D" parent="Books/Shelf4" unique_id=967959518]
transform = Transform3D(0.965926, 0, -0.25881904, 0, 1.0000001, 0, 0.25881907, 0, 0.9659258, 1.3666669, 0.10000014, -0.3)
size = Vector3(0.05, 0.3, 0.25)

[node name="Shelf7" type="CSGCombiner3D" parent="Books" unique_id=1487312059]
transform = Transform3D(-1, 0, -8.742278e-08, 0, 1, 0, 8.742278e-08, 0, -1, 0, 0, -0.5)

[node name="Book" type="CSGBox3D" parent="Books/Shelf7" unique_id=151959392]
transform = Transform3D(0.9659258, 0.25881904, 0, -0.25881904, 0.9659258, 0, 0, 0, 1, 2.6000001, 0.10000014, -0.3)
size = Vector3(0.05, 0.3, 0.25)

[node name="Book2" type="CSGBox3D" parent="Books/Shelf7" unique_id=1918938818]
transform = Transform3D(1.0000001, 0, 0, 0, 1.0000001, 0, 0, 0, 1, 2.5000002, 0.10000014, -0.3)
size = Vector3(0.05, 0.3, 0.25)

[node name="Book3" type="CSGBox3D" parent="Books/Shelf7" unique_id=423131414]
transform = Transform3D(0.96592593, 0, -0.25881904, 0, 1.0000001, 0, 0.25881907, 0, 0.9659258, 2.4000003, 0.10000014, -0.3)
size = Vector3(0.05, 0.3, 0.25)

[node name="Book4" type="CSGBox3D" parent="Books/Shelf7" unique_id=50512855]
transform = Transform3D(0.9659258, 0.25881904, 0, -0.25881904, 0.9659258, 0, 0, 0, 1, 1.7, 0.10000014, -0.3)
size = Vector3(0.05, 0.3, 0.25)

[node name="Book5" type="CSGBox3D" parent="Books/Shelf7" unique_id=1564573555]
transform = Transform3D(1.0000001, 0, 0, 0, 1.0000001, 0, 0, 0, 1, 1.9000002, 0.10000014, -0.3)
size = Vector3(0.05, 0.3, 0.25)

[node name="Book6" type="CSGBox3D" parent="Books/Shelf7" unique_id=105661515]
transform = Transform3D(0.96592593, 0, -0.25881904, 0, 1.0000001, 0, 0.25881907, 0, 0.9659258, 1.8000003, 0.10000014, -0.3)
size = Vector3(0.05, 0.3, 0.25)

[node name="Book7" type="CSGBox3D" parent="Books/Shelf7" unique_id=951390449]
transform = Transform3D(1.0000001, 0, 0, 0, 1.0000001, 0, 0, 0, 0.99999994, 2.3630257, 0.10000014, -0.3)
size = Vector3(0.05, 0.3, 0.25)

[node name="Book8" type="CSGBox3D" parent="Books/Shelf7" unique_id=1522518007]
transform = Transform3D(1.0000001, 0, 0, 0, 1.0000001, 0, 0, 0, 0.99999994, 2.2897134, 0.10000014, -0.3)
size = Vector3(0.05, 0.3, 0.25)

[node name="Book9" type="CSGBox3D" parent="Books/Shelf7" unique_id=1794608411]
transform = Transform3D(1.0000001, 0, 0, 0, 1.0000001, 0, 0, 0, 0.99999994, 2.2195249, 0.10000014, -0.3)
size = Vector3(0.05, 0.3, 0.25)

[node name="Book10" type="CSGBox3D" parent="Books/Shelf7" unique_id=724595188]
transform = Transform3D(1.0000001, 0, 0, 0, 1.0000001, 0, 0, 0, 0.99999994, 2.1462126, 0.10000014, -0.3)
size = Vector3(0.05, 0.3, 0.25)

[node name="Book11" type="CSGBox3D" parent="Books/Shelf7" unique_id=494010207]
transform = Transform3D(1.0000001, 0, 0, 0, 1.0000001, 0, 0, 0, 0.99999994, 2.075207, 0.10000014, -0.3)
size = Vector3(0.05, 0.3, 0.25)

[node name="Book12" type="CSGBox3D" parent="Books/Shelf7" unique_id=2023430148]
transform = Transform3D(1.0000001, 0, 0, 0, 1.0000001, 0, 0, 0, 0.99999994, 2.0018947, 0.10000014, -0.3)
size = Vector3(0.05, 0.3, 0.25)

[node name="Book13" type="CSGBox3D" parent="Books/Shelf7" unique_id=1537976459]
transform = Transform3D(0.9659258, 0.25881904, 0, -0.25881904, 0.9659258, 0, 0, 0, 1, 1.1000001, 0.10000014, -0.3)
size = Vector3(0.05, 0.3, 0.25)

[node name="Book14" type="CSGBox3D" parent="Books/Shelf7" unique_id=707741668]
transform = Transform3D(1.0000001, 0, 0, 0, 1.0000001, 0, 0, 0, 1, 1.0000002, 0.10000014, -0.3)
size = Vector3(0.05, 0.3, 0.25)

[node name="Book15" type="CSGBox3D" parent="Books/Shelf7" unique_id=14081611]
transform = Transform3D(0.96592593, 0, -0.25881904, 0, 1.0000001, 0, 0.25881907, 0, 0.9659258, 0.90000033, 0.10000014, -0.3)
size = Vector3(0.05, 0.3, 0.25)

[node name="Book16" type="CSGBox3D" parent="Books/Shelf7" unique_id=1912168107]
transform = Transform3D(0.9659258, 0.25881904, 0, -0.25881904, 0.9659258, 0, 0, 0, 1, 0.20000005, 0.10000014, -0.3)
size = Vector3(0.05, 0.3, 0.25)

[node name="Book17" type="CSGBox3D" parent="Books/Shelf7" unique_id=189329694]
transform = Transform3D(1.0000001, 0, 0, 0, 1.0000001, 0, 0, 0, 1, 0.4000002, 0.10000014, -0.3)
size = Vector3(0.05, 0.3, 0.25)

[node name="Book18" type="CSGBox3D" parent="Books/Shelf7" unique_id=2140553045]
transform = Transform3D(0.96592593, 0, -0.25881904, 0, 1.0000001, 0, 0.25881907, 0, 0.9659258, 0.3000003, 0.10000014, -0.3)
size = Vector3(0.05, 0.3, 0.25)

[node name="Book19" type="CSGBox3D" parent="Books/Shelf7" unique_id=568926360]
transform = Transform3D(1.0000001, 0, 0, 0, 1.0000001, 0, 0, 0, 0.99999994, 0.86302567, 0.10000014, -0.3)
size = Vector3(0.05, 0.3, 0.25)

[node name="Book20" type="CSGBox3D" parent="Books/Shelf7" unique_id=880827037]
transform = Transform3D(1.0000001, 0, 0, 0, 1.0000001, 0, 0, 0, 0.99999994, 0.7897134, 0.10000014, -0.3)
size = Vector3(0.05, 0.3, 0.25)

[node name="Book21" type="CSGBox3D" parent="Books/Shelf7" unique_id=798567343]
transform = Transform3D(1.0000001, 0, 0, 0, 1.0000001, 0, 0, 0, 0.99999994, 0.71952486, 0.10000014, -0.3)
size = Vector3(0.05, 0.3, 0.25)

[node name="Book22" type="CSGBox3D" parent="Books/Shelf7" unique_id=1852101103]
transform = Transform3D(1.0000001, 0, 0, 0, 1.0000001, 0, 0, 0, 0.99999994, 0.6462126, 0.10000014, -0.3)
size = Vector3(0.05, 0.3, 0.25)

[node name="Book23" type="CSGBox3D" parent="Books/Shelf7" unique_id=526082715]
transform = Transform3D(1.0000001, 0, 0, 0, 1.0000001, 0, 0, 0, 0.99999994, 0.575207, 0.10000014, -0.3)
size = Vector3(0.05, 0.3, 0.25)

[node name="Book24" type="CSGBox3D" parent="Books/Shelf7" unique_id=1703907138]
transform = Transform3D(1.0000001, 0, 0, 0, 1.0000001, 0, 0, 0, 0.99999994, 0.5018947, 0.10000014, -0.3)
size = Vector3(0.05, 0.3, 0.25)

[node name="Book25" type="CSGBox3D" parent="Books/Shelf7" unique_id=783659448]
transform = Transform3D(0.9659258, 0.25881904, 0, -0.25881904, 0.9659258, 0, 0, 0, 1, 1.1701617, 0.10000014, -0.3)
size = Vector3(0.05, 0.3, 0.25)

[node name="Book26" type="CSGBox3D" parent="Books/Shelf7" unique_id=275434120]
transform = Transform3D(0.9659258, 0.25881904, 0, -0.25881904, 0.9659258, 0, 0, 0, 1, 1.561485, 0.10000014, -0.3)
size = Vector3(0.05, 0.3, 0.25)

[node name="Book27" type="CSGBox3D" parent="Books/Shelf7" unique_id=1761782358]
transform = Transform3D(0.9659258, 0.25881904, 0, -0.25881904, 0.9659258, 0, 0, 0, 1, 1.6316466, 0.10000014, -0.3)
size = Vector3(0.05, 0.3, 0.25)

[node name="Book28" type="CSGBox3D" parent="Books/Shelf7" unique_id=1329966396]
transform = Transform3D(0.9659258, 0.25881904, 0, -0.25881904, 0.9659258, 0, 0, 0, 1, 1.3342445, 0.10000014, -0.3)
size = Vector3(0.05, 0.3, 0.25)

[node name="Book29" type="CSGBox3D" parent="Books/Shelf7" unique_id=1958797441]
transform = Transform3D(0.9659258, 0.25881904, 0, -0.25881904, 0.9659258, 0, 0, 0, 1, 1.2472368, 0.10000014, -0.3)
size = Vector3(0.05, 0.3, 0.25)

[node name="Book30" type="CSGBox3D" parent="Books/Shelf7" unique_id=1221773561]
transform = Transform3D(0.965926, 0, -0.25881904, 0, 1.0000001, 0, 0.25881907, 0, 0.9659258, 1.4666669, 0.10000014, -0.3)
size = Vector3(0.05, 0.3, 0.25)

[node name="Shelf8" type="CSGCombiner3D" parent="Books" unique_id=2081497392]
transform = Transform3D(-1, 0, -8.742278e-08, 0, 1, 0, 8.742278e-08, 0, -1, 0, -0.50000006, -0.5)

[node name="Book" type="CSGBox3D" parent="Books/Shelf8" unique_id=154033004]
transform = Transform3D(0.9659258, 0.25881904, 0, -0.25881904, 0.9659258, 0, 0, 0, 1, 2.6000001, 0.10000014, -0.3)
size = Vector3(0.05, 0.3, 0.25)

[node name="Book2" type="CSGBox3D" parent="Books/Shelf8" unique_id=269328798]
transform = Transform3D(1.0000001, 0, 0, 0, 1.0000001, 0, 0, 0, 1, 2.5000002, 0.10000014, -0.3)
size = Vector3(0.05, 0.3, 0.25)

[node name="Book3" type="CSGBox3D" parent="Books/Shelf8" unique_id=365725661]
transform = Transform3D(0.96592593, 0, -0.25881904, 0, 1.0000001, 0, 0.25881907, 0, 0.9659258, 2.4000003, 0.10000014, -0.3)
size = Vector3(0.05, 0.3, 0.25)

[node name="Book4" type="CSGBox3D" parent="Books/Shelf8" unique_id=298562597]
transform = Transform3D(0.9659258, 0.25881904, 0, -0.25881904, 0.9659258, 0, 0, 0, 1, 1.7, 0.10000014, -0.3)
size = Vector3(0.05, 0.3, 0.25)

[node name="Book5" type="CSGBox3D" parent="Books/Shelf8" unique_id=1593286784]
transform = Transform3D(1.0000001, 0, 0, 0, 1.0000001, 0, 0, 0, 1, 1.9000002, 0.10000014, -0.3)
size = Vector3(0.05, 0.3, 0.25)

[node name="Book6" type="CSGBox3D" parent="Books/Shelf8" unique_id=897569556]
transform = Transform3D(0.96592593, 0, -0.25881904, 0, 1.0000001, 0, 0.25881907, 0, 0.9659258, 1.8000003, 0.10000014, -0.3)
size = Vector3(0.05, 0.3, 0.25)

[node name="Book7" type="CSGBox3D" parent="Books/Shelf8" unique_id=1163132648]
transform = Transform3D(1.0000001, 0, 0, 0, 1.0000001, 0, 0, 0, 0.99999994, 2.3630257, 0.10000014, -0.3)
size = Vector3(0.05, 0.3, 0.25)

[node name="Book8" type="CSGBox3D" parent="Books/Shelf8" unique_id=661202414]
transform = Transform3D(1.0000001, 0, 0, 0, 1.0000001, 0, 0, 0, 0.99999994, 2.2897134, 0.10000014, -0.3)
size = Vector3(0.05, 0.3, 0.25)

[node name="Book9" type="CSGBox3D" parent="Books/Shelf8" unique_id=1151484417]
transform = Transform3D(1.0000001, 0, 0, 0, 1.0000001, 0, 0, 0, 0.99999994, 2.2195249, 0.10000014, -0.3)
size = Vector3(0.05, 0.3, 0.25)

[node name="Book10" type="CSGBox3D" parent="Books/Shelf8" unique_id=708847738]
transform = Transform3D(1.0000001, 0, 0, 0, 1.0000001, 0, 0, 0, 0.99999994, 2.1462126, 0.10000014, -0.3)
size = Vector3(0.05, 0.3, 0.25)

[node name="Book11" type="CSGBox3D" parent="Books/Shelf8" unique_id=1727737513]
transform = Transform3D(1.0000001, 0, 0, 0, 1.0000001, 0, 0, 0, 0.99999994, 2.075207, 0.10000014, -0.3)
size = Vector3(0.05, 0.3, 0.25)

[node name="Book12" type="CSGBox3D" parent="Books/Shelf8" unique_id=677857355]
transform = Transform3D(1.0000001, 0, 0, 0, 1.0000001, 0, 0, 0, 0.99999994, 2.0018947, 0.10000014, -0.3)
size = Vector3(0.05, 0.3, 0.25)

[node name="Book13" type="CSGBox3D" parent="Books/Shelf8" unique_id=1767895766]
transform = Transform3D(0.9659258, 0.25881904, 0, -0.25881904, 0.9659258, 0, 0, 0, 1, 1.0647542, 0.10000014, -0.3)
size = Vector3(0.05, 0.3, 0.25)

[node name="Book14" type="CSGBox3D" parent="Books/Shelf8" unique_id=523820215]
transform = Transform3D(1.0000001, 0, 0, 0, 1.0000001, 0, 0, 0, 1, 0.955793, 0.10000014, -0.3)
size = Vector3(0.05, 0.3, 0.25)

[node name="Book15" type="CSGBox3D" parent="Books/Shelf8" unique_id=388026856]
transform = Transform3D(0.96592593, 0, -0.25881904, 0, 1.0000001, 0, 0.25881907, 0, 0.9659258, 0.90000033, 0.10000014, -0.3)
size = Vector3(0.05, 0.3, 0.25)

[node name="Book16" type="CSGBox3D" parent="Books/Shelf8" unique_id=427272104]
transform = Transform3D(0.9659258, 0.25881904, 0, -0.25881904, 0.9659258, 0, 0, 0, 1, 0.20000005, 0.10000014, -0.3)
size = Vector3(0.05, 0.3, 0.25)

[node name="Book17" type="CSGBox3D" parent="Books/Shelf8" unique_id=453537770]
transform = Transform3D(1.0000001, 0, 0, 0, 1.0000001, 0, 0, 0, 1, 0.4000002, 0.10000014, -0.3)
size = Vector3(0.05, 0.3, 0.25)

[node name="Book18" type="CSGBox3D" parent="Books/Shelf8" unique_id=591378906]
transform = Transform3D(0.96592593, 0, -0.25881904, 0, 1.0000001, 0, 0.25881907, 0, 0.9659258, 0.3000003, 0.10000014, -0.3)
size = Vector3(0.05, 0.3, 0.25)

[node name="Book19" type="CSGBox3D" parent="Books/Shelf8" unique_id=907478949]
transform = Transform3D(1.0000001, 0, 0, 0, 1.0000001, 0, 0, 0, 0.99999994, 0.86302567, 0.10000014, -0.3)
size = Vector3(0.05, 0.3, 0.25)

[node name="Book20" type="CSGBox3D" parent="Books/Shelf8" unique_id=1827499393]
transform = Transform3D(1.0000001, 0, 0, 0, 1.0000001, 0, 0, 0, 0.99999994, 0.7897134, 0.10000014, -0.3)
size = Vector3(0.05, 0.3, 0.25)

[node name="Book21" type="CSGBox3D" parent="Books/Shelf8" unique_id=1231761237]
